Day_Date,vaccinated,vaccinated_cum,vaccinated_population_perc,vaccinated_seconde_dose,vaccinated_seconde_dose_cum,vaccinated_seconde_dose_population_perc,lastUpdate
2020-12-19T00:00:00.000Z,40,57,0.0,0,0,0.0,2021-01-30T11:09:46.137Z
2020-12-20T00:00:00.000Z,7303,7360,0.08,0,0,0.0,2021-01-30T11:09:46.137Z
2020-12-21T00:00:00.000Z,24730,32090,0.35,0,0,0.0,2021-01-30T11:09:46.137Z
2020-12-22T00:00:00.000Z,44193,76283,0.83,0,0,0.0,2021-01-30T11:09:46.137Z
2020-12-23T00:00:00.000Z,61571,137854,1.5,0,0,0.0,2021-01-30T11:09:46.137Z
2020-12-24T00:00:00.000Z,72005,209859,2.28,0,0,0.0,2021-01-30T11:09:46.137Z
2020-12-25T00:00:00.000Z,37689,247548,2.69,0,0,0.0,2021-01-30T11:09:46.137Z
2020-12-26T00:00:00.000Z,31976,279524,3.03,0,0,0.0,2021-01-30T11:09:46.137Z
2020-12-27T00:00:00.000Z,102622,382146,4.15,0,0,0.0,2021-01-30T11:09:46.137Z
2020-12-28T00:00:00.000Z,131910,514056,5.58,0,0,0.0,2021-01-30T11:09:46.137Z
2020-12-29T00:00:00.000Z,153425,667481,7.24,0,0,0.0,2021-01-30T11:09:46.137Z
2020-12-30T00:00:00.000Z,149524,817005,8.87,0,0,0.0,2021-01-30T11:09:46.137Z
2020-12-31T00:00:00.000Z,155183,972188,10.55,0,0,0.0,2021-01-30T11:09:46.137Z
2021-01-01T00:00:00.000Z,70376,1042564,11.31,0,0,0.0,2021-01-30T11:09:46.137Z
2021-01-02T00:00:00.000Z,70769,1113333,12.08,0,0,0.0,2021-01-30T11:09:46.137Z
2021-01-03T00:00:00.000Z,145626,1258959,13.66,0,0,0.0,2021-01-30T11:09:46.137Z
2021-01-04T00:00:00.000Z,139334,1398293,15.17,2,2,0.0,2021-01-30T11:09:46.137Z
2021-01-05T00:00:00.000Z,122754,1521047,16.51,0,2,0.0,2021-01-30T11:09:46.137Z
2021-01-06T00:00:00.000Z,100560,1621607,17.6,0,2,0.0,2021-01-30T11:09:46.137Z
2021-01-07T00:00:00.000Z,113521,1735128,18.83,4,6,0.0,2021-01-30T11:09:46.137Z
2021-01-08T00:00:00.000Z,65236,1800364,19.54,5,11,0.0,2021-01-30T11:09:46.137Z
2021-01-09T00:00:00.000Z,43848,1844212,20.01,26,37,0.0,2021-01-30T11:09:46.137Z
2021-01-10T00:00:00.000Z,36801,1881013,20.41,5952,5989,0.07,2021-01-30T11:09:46.137Z
2021-01-11T00:00:00.000Z,20268,1901281,20.63,19044,25033,0.27,2021-01-30T11:09:46.137Z
2021-01-12T00:00:00.000Z,23491,1924772,20.89,35091,60124,0.65,2021-01-30T11:09:46.137Z
2021-01-13T00:00:00.000Z,51137,1975909,21.44,55455,115579,1.25,2021-01-30T11:09:46.137Z
2021-01-14T00:00:00.000Z,55647,2031556,22.05,67234,182813,1.98,2021-01-30T11:09:46.137Z
2021-01-15T00:00:00.000Z,30411,2061967,22.38,35080,217893,2.36,2021-01-30T11:09:46.137Z
2021-01-16T00:00:00.000Z,29154,2091121,22.69,25453,243346,2.64,2021-01-30T11:09:46.137Z
2021-01-17T00:00:00.000Z,67781,2158902,23.43,82453,325799,3.54,2021-01-30T11:09:46.137Z
2021-01-18T00:00:00.000Z,69641,2228543,24.18,116748,442547,4.8,2021-01-30T11:09:46.137Z
2021-01-19T00:00:00.000Z,72739,2301282,24.97,134134,576681,6.26,2021-01-30T11:09:46.137Z
2021-01-20T00:00:00.000Z,77380,2378662,25.81,138879,715560,7.77,2021-01-30T11:09:46.137Z
2021-01-21T00:00:00.000Z,71283,2449945,26.59,158078,873638,9.48,2021-01-30T11:09:46.137Z
2021-01-22T00:00:00.000Z,38858,2488803,27.01,69068,942706,10.23,2021-01-30T11:09:46.137Z
2021-01-23T00:00:00.000Z,40623,2529426,27.45,52168,994874,10.8,2021-01-30T11:09:46.137Z
2021-01-24T00:00:00.000Z,71187,2600613,28.22,135041,1129915,12.26,2021-01-30T11:09:46.137Z
2021-01-25T00:00:00.000Z,88446,2689059,29.18,128852,1258767,13.66,2021-01-30T11:09:46.137Z
2021-01-26T00:00:00.000Z,80425,2769484,30.05,119499,1378266,14.96,2021-01-30T11:09:46.137Z
2021-01-27T00:00:00.000Z,80823,2850307,30.93,119844,1498110,16.26,2021-01-30T11:09:46.137Z
2021-01-28T00:00:00.000Z,82290,2932597,31.82,126037,1624147,17.63,2021-01-30T11:09:46.137Z
2021-01-29T00:00:00.000Z,37794,2970391,32.24,62801,1686948,18.31,2021-01-30T11:09:46.137Z
2021-01-30T00:00:00.000Z,7305,2977696,32.31,10804,1697752,18.42,2021-01-30T11:09:46.137Z
