date,amount,recovered,avg,sum,lastUpdate
2020-02-12T00:00:00.000Z,0,0,7,7,2021-04-20T05:54:50.073Z
2020-02-13T00:00:00.000Z,0,0,3,7,2021-04-20T05:54:50.073Z
2020-02-14T00:00:00.000Z,0,0,2,7,2021-04-20T05:54:50.073Z
2020-02-15T00:00:00.000Z,0,0,1,7,2021-04-20T05:54:50.073Z
2020-02-16T00:00:00.000Z,0,0,1,7,2021-04-20T05:54:50.073Z
2020-02-17T00:00:00.000Z,0,0,1,7,2021-04-20T05:54:50.073Z
2020-02-18T00:00:00.000Z,0,0,1,7,2021-04-20T05:54:50.073Z
2020-02-19T00:00:00.000Z,0,0,0,7,2021-04-20T05:54:50.073Z
2020-02-20T00:00:00.000Z,0,0,0,7,2021-04-20T05:54:50.073Z
2020-02-21T00:00:00.000Z,1,0,0,8,2021-04-20T05:54:50.073Z
2020-02-22T00:00:00.000Z,0,0,0,8,2021-04-20T05:54:50.073Z
2020-02-23T00:00:00.000Z,0,0,0,8,2021-04-20T05:54:50.073Z
2020-02-24T00:00:00.000Z,1,0,0,9,2021-04-20T05:54:50.073Z
2020-02-25T00:00:00.000Z,0,0,0,9,2021-04-20T05:54:50.073Z
2020-02-26T00:00:00.000Z,0,0,0,9,2021-04-20T05:54:50.073Z
2020-02-27T00:00:00.000Z,1,0,0,10,2021-04-20T05:54:50.073Z
2020-02-28T00:00:00.000Z,3,0,0,13,2021-04-20T05:54:50.073Z
2020-02-29T00:00:00.000Z,0,0,0,13,2021-04-20T05:54:50.073Z
2020-03-01T00:00:00.000Z,1,0,0,14,2021-04-20T05:54:50.073Z
2020-03-02T00:00:00.000Z,5,0,0,19,2021-04-20T05:54:50.073Z
2020-03-03T00:00:00.000Z,3,0,1,22,2021-04-20T05:54:50.073Z
2020-03-04T00:00:00.000Z,0,0,1,22,2021-04-20T05:54:50.073Z
2020-03-05T00:00:00.000Z,2,0,1,24,2021-04-20T05:54:50.073Z
2020-03-06T00:00:00.000Z,4,0,2,28,2021-04-20T05:54:50.073Z
2020-03-07T00:00:00.000Z,4,0,2,32,2021-04-20T05:54:50.073Z
2020-03-08T00:00:00.000Z,9,0,2,41,2021-04-20T05:54:50.073Z
2020-03-09T00:00:00.000Z,4,0,3,45,2021-04-20T05:54:50.073Z
2020-03-10T00:00:00.000Z,33,0,3,78,2021-04-20T05:54:50.073Z
2020-03-11T00:00:00.000Z,19,0,8,97,2021-04-20T05:54:50.073Z
2020-03-12T00:00:00.000Z,22,0,10,119,2021-04-20T05:54:50.073Z
2020-03-13T00:00:00.000Z,35,1,13,154,2021-04-20T05:54:50.073Z
2020-03-14T00:00:00.000Z,29,0,18,183,2021-04-20T05:54:50.073Z
2020-03-15T00:00:00.000Z,39,0,21,222,2021-04-20T05:54:50.073Z
2020-03-16T00:00:00.000Z,73,0,25,295,2021-04-20T05:54:50.073Z
2020-03-17T00:00:00.000Z,94,2,35,389,2021-04-20T05:54:50.073Z
2020-03-18T00:00:00.000Z,125,2,44,514,2021-04-20T05:54:50.073Z
2020-03-19T00:00:00.000Z,136,4,59,650,2021-04-20T05:54:50.073Z
2020-03-20T00:00:00.000Z,168,1,75,818,2021-04-20T05:54:50.073Z
2020-03-21T00:00:00.000Z,210,1,94,1028,2021-04-20T05:54:50.073Z
2020-03-22T00:00:00.000Z,254,4,120,1282,2021-04-20T05:54:50.073Z
2020-03-23T00:00:00.000Z,352,6,151,1634,2021-04-20T05:54:50.073Z
2020-03-24T00:00:00.000Z,423,5,191,2057,2021-04-20T05:54:50.073Z
2020-03-25T00:00:00.000Z,425,6,238,2482,2021-04-20T05:54:50.073Z
2020-03-26T00:00:00.000Z,520,10,281,3002,2021-04-20T05:54:50.073Z
2020-03-27T00:00:00.000Z,434,18,336,3436,2021-04-20T05:54:50.073Z
2020-03-28T00:00:00.000Z,479,9,374,3915,2021-04-20T05:54:50.073Z
2020-03-29T00:00:00.000Z,531,15,412,4446,2021-04-20T05:54:50.073Z
2020-03-30T00:00:00.000Z,548,33,452,4994,2021-04-20T05:54:50.073Z
2020-03-31T00:00:00.000Z,738,43,480,5732,2021-04-20T05:54:50.073Z
2020-04-01T00:00:00.000Z,703,283,525,6428,2021-04-20T05:54:50.073Z
2020-04-02T00:00:00.000Z,719,80,563,7147,2021-04-20T05:54:50.073Z
2020-04-03T00:00:00.000Z,598,56,592,7745,2021-04-20T05:54:50.073Z
2020-04-04T00:00:00.000Z,429,53,615,8174,2021-04-20T05:54:50.073Z
2020-04-05T00:00:00.000Z,583,103,608,8757,2021-04-20T05:54:50.073Z
2020-04-06T00:00:00.000Z,450,121,615,9207,2021-04-20T05:54:50.073Z
2020-04-07T00:00:00.000Z,377,122,601,9584,2021-04-20T05:54:50.073Z
2020-04-08T00:00:00.000Z,339,108,550,9923,2021-04-20T05:54:50.073Z
2020-04-09T00:00:00.000Z,343,113,499,10266,2021-04-20T05:54:50.073Z
2020-04-10T00:00:00.000Z,359,130,445,10625,2021-04-20T05:54:50.073Z
2020-04-11T00:00:00.000Z,345,123,411,10970,2021-04-20T05:54:50.073Z
2020-04-12T00:00:00.000Z,552,259,399,11522,2021-04-20T05:54:50.073Z
2020-04-13T00:00:00.000Z,438,284,395,11960,2021-04-20T05:54:50.073Z
2020-04-14T00:00:00.000Z,399,293,393,12359,2021-04-20T05:54:50.073Z
2020-04-15T00:00:00.000Z,311,280,396,12670,2021-04-20T05:54:50.073Z
2020-04-16T00:00:00.000Z,297,326,392,12967,2021-04-20T05:54:50.073Z
2020-04-17T00:00:00.000Z,298,358,385,13265,2021-04-20T05:54:50.073Z
2020-04-18T00:00:00.000Z,291,246,377,13556,2021-04-20T05:54:50.073Z
2020-04-19T00:00:00.000Z,276,384,369,13832,2021-04-20T05:54:50.073Z
2020-04-20T00:00:00.000Z,299,452,330,14131,2021-04-20T05:54:50.073Z
2020-04-21T00:00:00.000Z,282,372,310,14413,2021-04-20T05:54:50.073Z
2020-04-22T00:00:00.000Z,225,393,293,14638,2021-04-20T05:54:50.073Z
2020-04-23T00:00:00.000Z,276,331,281,14914,2021-04-20T05:54:50.073Z
2020-04-24T00:00:00.000Z,249,338,278,15163,2021-04-20T05:54:50.073Z
2020-04-25T00:00:00.000Z,159,377,271,15322,2021-04-20T05:54:50.073Z
2020-04-26T00:00:00.000Z,83,433,252,15405,2021-04-20T05:54:50.073Z
2020-04-27T00:00:00.000Z,128,468,224,15533,2021-04-20T05:54:50.073Z
2020-04-28T00:00:00.000Z,161,560,200,15694,2021-04-20T05:54:50.073Z
2020-04-29T00:00:00.000Z,82,352,183,15776,2021-04-20T05:54:50.073Z
2020-04-30T00:00:00.000Z,142,425,162,15918,2021-04-20T05:54:50.073Z
2020-05-01T00:00:00.000Z,116,419,143,16034,2021-04-20T05:54:50.073Z
2020-05-02T00:00:00.000Z,57,281,124,16091,2021-04-20T05:54:50.073Z
2020-05-03T00:00:00.000Z,27,293,109,16118,2021-04-20T05:54:50.073Z
2020-05-04T00:00:00.000Z,55,260,101,16173,2021-04-20T05:54:50.073Z
2020-05-05T00:00:00.000Z,33,317,91,16206,2021-04-20T05:54:50.073Z
2020-05-06T00:00:00.000Z,65,260,73,16271,2021-04-20T05:54:50.073Z
2020-05-07T00:00:00.000Z,61,231,70,16332,2021-04-20T05:54:50.073Z
2020-05-08T00:00:00.000Z,33,225,59,16365,2021-04-20T05:54:50.073Z
2020-05-09T00:00:00.000Z,20,89,47,16385,2021-04-20T05:54:50.073Z
2020-05-10T00:00:00.000Z,29,171,42,16414,2021-04-20T05:54:50.073Z
2020-05-11T00:00:00.000Z,39,335,42,16453,2021-04-20T05:54:50.073Z
2020-05-12T00:00:00.000Z,23,258,40,16476,2021-04-20T05:54:50.073Z
2020-05-13T00:00:00.000Z,39,183,38,16515,2021-04-20T05:54:50.073Z
2020-05-14T00:00:00.000Z,22,244,34,16537,2021-04-20T05:54:50.073Z
2020-05-15T00:00:00.000Z,12,162,29,16549,2021-04-20T05:54:50.073Z
2020-05-16T00:00:00.000Z,5,104,26,16554,2021-04-20T05:54:50.073Z
2020-05-17T00:00:00.000Z,15,153,24,16569,2021-04-20T05:54:50.073Z
2020-05-18T00:00:00.000Z,27,277,22,16596,2021-04-20T05:54:50.073Z
2020-05-19T00:00:00.000Z,22,155,20,16618,2021-04-20T05:54:50.073Z
2020-05-20T00:00:00.000Z,15,114,20,16633,2021-04-20T05:54:50.073Z
2020-05-21T00:00:00.000Z,17,125,16,16650,2021-04-20T05:54:50.073Z
2020-05-22T00:00:00.000Z,19,163,16,16669,2021-04-20T05:54:50.073Z
2020-05-23T00:00:00.000Z,5,44,17,16674,2021-04-20T05:54:50.073Z
2020-05-24T00:00:00.000Z,13,116,17,16687,2021-04-20T05:54:50.073Z
2020-05-25T00:00:00.000Z,22,133,16,16709,2021-04-20T05:54:50.073Z
2020-05-26T00:00:00.000Z,50,91,16,16759,2021-04-20T05:54:50.073Z
2020-05-27T00:00:00.000Z,40,62,20,16799,2021-04-20T05:54:50.073Z
2020-05-28T00:00:00.000Z,77,115,23,16876,2021-04-20T05:54:50.073Z
2020-05-29T00:00:00.000Z,113,39,32,16989,2021-04-20T05:54:50.073Z
2020-05-30T00:00:00.000Z,29,40,45,17018,2021-04-20T05:54:50.073Z
2020-05-31T00:00:00.000Z,87,61,49,17105,2021-04-20T05:54:50.073Z
2020-06-01T00:00:00.000Z,100,68,59,17205,2021-04-20T05:54:50.073Z
2020-06-02T00:00:00.000Z,121,53,70,17326,2021-04-20T05:54:50.073Z
2020-06-03T00:00:00.000Z,97,27,81,17423,2021-04-20T05:54:50.073Z
2020-06-04T00:00:00.000Z,142,42,89,17565,2021-04-20T05:54:50.073Z
2020-06-05T00:00:00.000Z,127,37,98,17692,2021-04-20T05:54:50.073Z
2020-06-06T00:00:00.000Z,78,24,100,17770,2021-04-20T05:54:50.073Z
2020-06-07T00:00:00.000Z,140,42,107,17910,2021-04-20T05:54:50.073Z
2020-06-08T00:00:00.000Z,179,39,115,18089,2021-04-20T05:54:50.073Z
2020-06-09T00:00:00.000Z,174,45,126,18263,2021-04-20T05:54:50.073Z
2020-06-10T00:00:00.000Z,240,51,133,18503,2021-04-20T05:54:50.073Z
2020-06-11T00:00:00.000Z,192,55,154,18695,2021-04-20T05:54:50.073Z
2020-06-12T00:00:00.000Z,184,55,161,18879,2021-04-20T05:54:50.073Z
2020-06-13T00:00:00.000Z,149,40,169,19028,2021-04-20T05:54:50.073Z
2020-06-14T00:00:00.000Z,136,48,179,19164,2021-04-20T05:54:50.073Z
2020-06-15T00:00:00.000Z,198,89,179,19362,2021-04-20T05:54:50.073Z
2020-06-16T00:00:00.000Z,300,53,181,19662,2021-04-20T05:54:50.073Z
2020-06-17T00:00:00.000Z,271,47,199,19933,2021-04-20T05:54:50.073Z
2020-06-18T00:00:00.000Z,302,50,204,20235,2021-04-20T05:54:50.073Z
2020-06-19T00:00:00.000Z,310,57,220,20545,2021-04-20T05:54:50.073Z
2020-06-20T00:00:00.000Z,161,36,238,20706,2021-04-20T05:54:50.073Z
2020-06-21T00:00:00.000Z,173,50,239,20879,2021-04-20T05:54:50.073Z
2020-06-22T00:00:00.000Z,345,59,245,21224,2021-04-20T05:54:50.073Z
2020-06-23T00:00:00.000Z,452,84,266,21676,2021-04-20T05:54:50.073Z
2020-06-24T00:00:00.000Z,487,71,287,22163,2021-04-20T05:54:50.073Z
2020-06-25T00:00:00.000Z,516,75,318,22679,2021-04-20T05:54:50.073Z
2020-06-26T00:00:00.000Z,464,130,349,23143,2021-04-20T05:54:50.073Z
2020-06-27T00:00:00.000Z,398,50,371,23541,2021-04-20T05:54:50.073Z
2020-06-28T00:00:00.000Z,385,141,405,23926,2021-04-20T05:54:50.073Z
2020-06-29T00:00:00.000Z,756,164,435,24682,2021-04-20T05:54:50.073Z
2020-06-30T00:00:00.000Z,786,131,494,25468,2021-04-20T05:54:50.073Z
2020-07-01T00:00:00.000Z,971,98,541,26439,2021-04-20T05:54:50.073Z
2020-07-02T00:00:00.000Z,1149,127,610,27588,2021-04-20T05:54:50.073Z
2020-07-03T00:00:00.000Z,939,116,701,28527,2021-04-20T05:54:50.073Z
2020-07-04T00:00:00.000Z,821,76,769,29348,2021-04-20T05:54:50.073Z
2020-07-05T00:00:00.000Z,831,144,829,30179,2021-04-20T05:54:50.073Z
2020-07-06T00:00:00.000Z,1134,193,893,31313,2021-04-20T05:54:50.073Z
2020-07-07T00:00:00.000Z,1390,173,947,32703,2021-04-20T05:54:50.073Z
2020-07-08T00:00:00.000Z,1327,226,1033,34030,2021-04-20T05:54:50.073Z
2020-07-09T00:00:00.000Z,1524,227,1084,35554,2021-04-20T05:54:50.073Z
2020-07-10T00:00:00.000Z,1410,213,1138,36964,2021-04-20T05:54:50.073Z
2020-07-11T00:00:00.000Z,1168,191,1205,38132,2021-04-20T05:54:50.073Z
2020-07-12T00:00:00.000Z,1239,338,1254,39371,2021-04-20T05:54:50.073Z
2020-07-13T00:00:00.000Z,1720,363,1313,41091,2021-04-20T05:54:50.073Z
2020-07-14T00:00:00.000Z,1603,313,1396,42694,2021-04-20T05:54:50.073Z
2020-07-15T00:00:00.000Z,1877,362,1427,44571,2021-04-20T05:54:50.073Z
2020-07-16T00:00:00.000Z,1937,507,1505,46508,2021-04-20T05:54:50.073Z
2020-07-17T00:00:00.000Z,1605,481,1564,48113,2021-04-20T05:54:50.073Z
2020-07-18T00:00:00.000Z,1448,448,1592,49561,2021-04-20T05:54:50.073Z
2020-07-19T00:00:00.000Z,1016,520,1632,50577,2021-04-20T05:54:50.073Z
2020-07-20T00:00:00.000Z,1887,627,1600,52464,2021-04-20T05:54:50.073Z
2020-07-21T00:00:00.000Z,2006,642,1624,54470,2021-04-20T05:54:50.073Z
2020-07-22T00:00:00.000Z,2044,3729,1682,56514,2021-04-20T05:54:50.073Z
2020-07-23T00:00:00.000Z,1989,6768,1706,58503,2021-04-20T05:54:50.073Z
2020-07-24T00:00:00.000Z,1831,1607,1713,60334,2021-04-20T05:54:50.073Z
2020-07-25T00:00:00.000Z,1112,592,1745,61446,2021-04-20T05:54:50.073Z
2020-07-26T00:00:00.000Z,1042,2739,1697,62488,2021-04-20T05:54:50.073Z
2020-07-27T00:00:00.000Z,2048,1770,1701,64536,2021-04-20T05:54:50.073Z
2020-07-28T00:00:00.000Z,2125,1563,1724,66661,2021-04-20T05:54:50.073Z
2020-07-29T00:00:00.000Z,1954,1409,1741,68615,2021-04-20T05:54:50.073Z
2020-07-30T00:00:00.000Z,1788,1685,1728,70403,2021-04-20T05:54:50.073Z
2020-07-31T00:00:00.000Z,1362,1297,1700,71765,2021-04-20T05:54:50.073Z
2020-08-01T00:00:00.000Z,625,533,1633,72390,2021-04-20T05:54:50.073Z
2020-08-02T00:00:00.000Z,709,2448,1563,73099,2021-04-20T05:54:50.073Z
2020-08-03T00:00:00.000Z,1800,1803,1515,74899,2021-04-20T05:54:50.073Z
2020-08-04T00:00:00.000Z,1729,1647,1480,76628,2021-04-20T05:54:50.073Z
2020-08-05T00:00:00.000Z,1690,1484,1423,78318,2021-04-20T05:54:50.073Z
2020-08-06T00:00:00.000Z,1677,1754,1386,79995,2021-04-20T05:54:50.073Z
2020-08-07T00:00:00.000Z,1765,1215,1370,81760,2021-04-20T05:54:50.073Z
2020-08-08T00:00:00.000Z,754,608,1427,82514,2021-04-20T05:54:50.073Z
2020-08-09T00:00:00.000Z,924,2346,1446,83438,2021-04-20T05:54:50.073Z
2020-08-10T00:00:00.000Z,1704,1392,1477,85142,2021-04-20T05:54:50.073Z
2020-08-11T00:00:00.000Z,1823,983,1463,86965,2021-04-20T05:54:50.073Z
2020-08-12T00:00:00.000Z,1622,1135,1476,88587,2021-04-20T05:54:50.073Z
2020-08-13T00:00:00.000Z,1643,1311,1467,90230,2021-04-20T05:54:50.073Z
2020-08-14T00:00:00.000Z,1388,985,1462,91618,2021-04-20T05:54:50.073Z
2020-08-15T00:00:00.000Z,757,564,1408,92375,2021-04-20T05:54:50.073Z
2020-08-16T00:00:00.000Z,1068,2220,1408,93443,2021-04-20T05:54:50.073Z
2020-08-17T00:00:00.000Z,1650,1197,1429,95093,2021-04-20T05:54:50.073Z
2020-08-18T00:00:00.000Z,1649,1120,1421,96742,2021-04-20T05:54:50.073Z
2020-08-19T00:00:00.000Z,1641,1477,1396,98383,2021-04-20T05:54:50.073Z
2020-08-20T00:00:00.000Z,1487,1438,1399,99870,2021-04-20T05:54:50.073Z
2020-08-21T00:00:00.000Z,1493,1041,1377,101363,2021-04-20T05:54:50.073Z
2020-08-22T00:00:00.000Z,711,666,1392,102074,2021-04-20T05:54:50.073Z
2020-08-23T00:00:00.000Z,965,2128,1385,103039,2021-04-20T05:54:50.073Z
2020-08-24T00:00:00.000Z,1900,1402,1370,104939,2021-04-20T05:54:50.073Z
2020-08-25T00:00:00.000Z,1956,796,1406,106895,2021-04-20T05:54:50.073Z
2020-08-26T00:00:00.000Z,1954,3658,1450,108849,2021-04-20T05:54:50.073Z
2020-08-27T00:00:00.000Z,2073,1521,1495,110922,2021-04-20T05:54:50.073Z
2020-08-28T00:00:00.000Z,1832,1836,1578,112754,2021-04-20T05:54:50.073Z
2020-08-29T00:00:00.000Z,910,712,1627,113664,2021-04-20T05:54:50.073Z
2020-08-30T00:00:00.000Z,1101,2288,1655,114765,2021-04-20T05:54:50.073Z
2020-08-31T00:00:00.000Z,2178,1479,1675,116943,2021-04-20T05:54:50.073Z
2020-09-01T00:00:00.000Z,2253,1008,1714,119196,2021-04-20T05:54:50.073Z
2020-09-02T00:00:00.000Z,3192,1403,1757,122388,2021-04-20T05:54:50.073Z
2020-09-03T00:00:00.000Z,2661,1804,1934,125049,2021-04-20T05:54:50.073Z
2020-09-04T00:00:00.000Z,2623,1199,2018,127672,2021-04-20T05:54:50.073Z
2020-09-05T00:00:00.000Z,1505,895,2131,129177,2021-04-20T05:54:50.073Z
2020-09-06T00:00:00.000Z,2177,2404,2216,131354,2021-04-20T05:54:50.073Z
2020-09-07T00:00:00.000Z,3388,1599,2369,134742,2021-04-20T05:54:50.073Z
2020-09-08T00:00:00.000Z,3489,1442,2542,138231,2021-04-20T05:54:50.073Z
2020-09-09T00:00:00.000Z,3994,1470,2719,142225,2021-04-20T05:54:50.073Z
2020-09-10T00:00:00.000Z,4161,1981,2833,146386,2021-04-20T05:54:50.073Z
2020-09-11T00:00:00.000Z,3976,1776,3048,150362,2021-04-20T05:54:50.073Z
2020-09-12T00:00:00.000Z,2719,1268,3241,153081,2021-04-20T05:54:50.073Z
2020-09-13T00:00:00.000Z,3175,3280,3414,156256,2021-04-20T05:54:50.073Z
2020-09-14T00:00:00.000Z,4812,2413,3557,161068,2021-04-20T05:54:50.073Z
2020-09-15T00:00:00.000Z,5539,2283,3760,166607,2021-04-20T05:54:50.073Z
2020-09-16T00:00:00.000Z,4574,2804,4053,171181,2021-04-20T05:54:50.073Z
2020-09-17T00:00:00.000Z,5386,3721,4136,176567,2021-04-20T05:54:50.073Z
2020-09-18T00:00:00.000Z,5340,2862,4311,181907,2021-04-20T05:54:50.073Z
2020-09-19T00:00:00.000Z,3809,1451,4506,185716,2021-04-20T05:54:50.073Z
2020-09-20T00:00:00.000Z,2579,2486,4662,188295,2021-04-20T05:54:50.073Z
2020-09-21T00:00:00.000Z,3867,4681,4577,192162,2021-04-20T05:54:50.073Z
2020-09-22T00:00:00.000Z,7024,3535,4442,199186,2021-04-20T05:54:50.073Z
2020-09-23T00:00:00.000Z,7127,3834,4654,206313,2021-04-20T05:54:50.073Z
2020-09-24T00:00:00.000Z,8236,4625,5018,214549,2021-04-20T05:54:50.073Z
2020-09-25T00:00:00.000Z,8390,4177,5426,222939,2021-04-20T05:54:50.073Z
2020-09-26T00:00:00.000Z,5882,2406,5861,228821,2021-04-20T05:54:50.073Z
2020-09-27T00:00:00.000Z,3419,5723,6157,232240,2021-04-20T05:54:50.073Z
2020-09-28T00:00:00.000Z,1159,2182,6277,233399,2021-04-20T05:54:50.073Z
2020-09-29T00:00:00.000Z,4993,5832,5891,238392,2021-04-20T05:54:50.073Z
2020-09-30T00:00:00.000Z,9078,5250,5600,247470,2021-04-20T05:54:50.073Z
2020-10-01T00:00:00.000Z,7731,5786,5879,255201,2021-04-20T05:54:50.073Z
2020-10-02T00:00:00.000Z,7059,5617,5807,262260,2021-04-20T05:54:50.073Z
2020-10-03T00:00:00.000Z,2595,3524,5617,264855,2021-04-20T05:54:50.073Z
2020-10-04T00:00:00.000Z,2938,8146,5147,267793,2021-04-20T05:54:50.073Z
2020-10-05T00:00:00.000Z,5721,6993,5079,273514,2021-04-20T05:54:50.073Z
2020-10-06T00:00:00.000Z,4725,6476,5730,278239,2021-04-20T05:54:50.073Z
2020-10-07T00:00:00.000Z,4164,4923,5692,282403,2021-04-20T05:54:50.073Z
2020-10-08T00:00:00.000Z,3756,4835,4990,286159,2021-04-20T05:54:50.073Z
2020-10-09T00:00:00.000Z,2964,5134,4422,289123,2021-04-20T05:54:50.073Z
2020-10-10T00:00:00.000Z,917,3827,3837,290040,2021-04-20T05:54:50.073Z
2020-10-11T00:00:00.000Z,1646,7605,3597,291686,2021-04-20T05:54:50.073Z
2020-10-12T00:00:00.000Z,3169,5547,3413,294855,2021-04-20T05:54:50.073Z
2020-10-13T00:00:00.000Z,2336,5773,3048,297191,2021-04-20T05:54:50.073Z
2020-10-14T00:00:00.000Z,2118,5874,2707,299309,2021-04-20T05:54:50.073Z
2020-10-15T00:00:00.000Z,1612,5450,2415,300921,2021-04-20T05:54:50.073Z
2020-10-16T00:00:00.000Z,1500,3503,2108,302421,2021-04-20T05:54:50.073Z
2020-10-17T00:00:00.000Z,412,2520,1899,302833,2021-04-20T05:54:50.073Z
2020-10-18T00:00:00.000Z,924,4949,1827,303757,2021-04-20T05:54:50.073Z
2020-10-19T00:00:00.000Z,1517,2366,1724,305274,2021-04-20T05:54:50.073Z
2020-10-20T00:00:00.000Z,1194,1817,1488,306468,2021-04-20T05:54:50.073Z
2020-10-21T00:00:00.000Z,1171,3161,1325,307639,2021-04-20T05:54:50.073Z
2020-10-22T00:00:00.000Z,1032,3147,1190,308671,2021-04-20T05:54:50.073Z
2020-10-23T00:00:00.000Z,849,2451,1107,309520,2021-04-20T05:54:50.073Z
2020-10-24T00:00:00.000Z,246,1311,1014,309766,2021-04-20T05:54:50.073Z
2020-10-25T00:00:00.000Z,606,2702,990,310372,2021-04-20T05:54:50.073Z
2020-10-26T00:00:00.000Z,884,1302,945,311256,2021-04-20T05:54:50.073Z
2020-10-27T00:00:00.000Z,887,962,854,312143,2021-04-20T05:54:50.073Z
2020-10-28T00:00:00.000Z,724,1304,810,312867,2021-04-20T05:54:50.073Z
2020-10-29T00:00:00.000Z,645,1442,746,313512,2021-04-20T05:54:50.073Z
2020-10-30T00:00:00.000Z,680,1068,691,314192,2021-04-20T05:54:50.073Z
2020-10-31T00:00:00.000Z,228,795,667,314420,2021-04-20T05:54:50.073Z
2020-11-01T00:00:00.000Z,658,1521,664,315078,2021-04-20T05:54:50.073Z
2020-11-02T00:00:00.000Z,789,914,672,315867,2021-04-20T05:54:50.073Z
2020-11-03T00:00:00.000Z,845,734,658,316712,2021-04-20T05:54:50.073Z
2020-11-04T00:00:00.000Z,769,632,652,317481,2021-04-20T05:54:50.073Z
2020-11-05T00:00:00.000Z,570,845,659,318051,2021-04-20T05:54:50.073Z
2020-11-06T00:00:00.000Z,691,893,648,318742,2021-04-20T05:54:50.073Z
2020-11-07T00:00:00.000Z,212,686,650,318954,2021-04-20T05:54:50.073Z
2020-11-08T00:00:00.000Z,534,684,647,319488,2021-04-20T05:54:50.073Z
2020-11-09T00:00:00.000Z,719,923,630,320207,2021-04-20T05:54:50.073Z
2020-11-10T00:00:00.000Z,675,339,620,320882,2021-04-20T05:54:50.073Z
2020-11-11T00:00:00.000Z,765,1088,595,321647,2021-04-20T05:54:50.073Z
2020-11-12T00:00:00.000Z,836,1210,595,322483,2021-04-20T05:54:50.073Z
2020-11-13T00:00:00.000Z,761,736,633,323244,2021-04-20T05:54:50.073Z
2020-11-14T00:00:00.000Z,291,423,643,323535,2021-04-20T05:54:50.073Z
2020-11-15T00:00:00.000Z,626,970,654,324161,2021-04-20T05:54:50.073Z
2020-11-16T00:00:00.000Z,873,662,667,325034,2021-04-20T05:54:50.073Z
2020-11-17T00:00:00.000Z,829,580,689,325863,2021-04-20T05:54:50.073Z
2020-11-18T00:00:00.000Z,795,801,711,326658,2021-04-20T05:54:50.073Z
2020-11-19T00:00:00.000Z,771,752,715,327429,2021-04-20T05:54:50.073Z
2020-11-20T00:00:00.000Z,774,678,706,328203,2021-04-20T05:54:50.073Z
2020-11-21T00:00:00.000Z,422,450,708,328625,2021-04-20T05:54:50.073Z
2020-11-22T00:00:00.000Z,762,1007,727,329387,2021-04-20T05:54:50.073Z
2020-11-23T00:00:00.000Z,959,654,746,330346,2021-04-20T05:54:50.073Z
2020-11-24T00:00:00.000Z,857,545,758,331203,2021-04-20T05:54:50.073Z
2020-11-25T00:00:00.000Z,1079,847,762,332282,2021-04-20T05:54:50.073Z
2020-11-26T00:00:00.000Z,1087,933,803,333369,2021-04-20T05:54:50.073Z
2020-11-27T00:00:00.000Z,1031,694,848,334400,2021-04-20T05:54:50.073Z
2020-11-28T00:00:00.000Z,582,422,885,334982,2021-04-20T05:54:50.073Z
2020-11-29T00:00:00.000Z,1024,1112,908,336006,2021-04-20T05:54:50.073Z
2020-11-30T00:00:00.000Z,1253,739,945,337259,2021-04-20T05:54:50.073Z
2020-12-01T00:00:00.000Z,1199,701,987,338458,2021-04-20T05:54:50.073Z
2020-12-02T00:00:00.000Z,1589,847,1036,340047,2021-04-20T05:54:50.073Z
2020-12-03T00:00:00.000Z,1452,1429,1109,341499,2021-04-20T05:54:50.073Z
2020-12-04T00:00:00.000Z,1514,867,1161,343013,2021-04-20T05:54:50.073Z
2020-12-05T00:00:00.000Z,1000,598,1230,344013,2021-04-20T05:54:50.073Z
2020-12-06T00:00:00.000Z,1362,1403,1290,345375,2021-04-20T05:54:50.073Z
2020-12-07T00:00:00.000Z,1859,910,1338,347234,2021-04-20T05:54:50.073Z
2020-12-08T00:00:00.000Z,1768,896,1425,349002,2021-04-20T05:54:50.073Z
2020-12-09T00:00:00.000Z,1867,1031,1506,350869,2021-04-20T05:54:50.073Z
2020-12-10T00:00:00.000Z,2005,1437,1546,352874,2021-04-20T05:54:50.073Z
2020-12-11T00:00:00.000Z,1835,1153,1625,354709,2021-04-20T05:54:50.073Z
2020-12-12T00:00:00.000Z,1297,923,1670,356006,2021-04-20T05:54:50.073Z
2020-12-13T00:00:00.000Z,1729,1918,1713,357735,2021-04-20T05:54:50.073Z
2020-12-14T00:00:00.000Z,2315,1270,1765,360050,2021-04-20T05:54:50.073Z
2020-12-15T00:00:00.000Z,2891,1209,1830,362941,2021-04-20T05:54:50.073Z
2020-12-16T00:00:00.000Z,2852,1629,1991,365793,2021-04-20T05:54:50.073Z
2020-12-17T00:00:00.000Z,2847,1954,2132,368640,2021-04-20T05:54:50.073Z
2020-12-18T00:00:00.000Z,2793,1568,2252,371433,2021-04-20T05:54:50.073Z
2020-12-19T00:00:00.000Z,1887,1095,2389,373320,2021-04-20T05:54:50.073Z
2020-12-20T00:00:00.000Z,3094,2592,2473,376414,2021-04-20T05:54:50.073Z
2020-12-21T00:00:00.000Z,3851,1569,2668,380265,2021-04-20T05:54:50.073Z
2020-12-22T00:00:00.000Z,4379,1629,2887,384644,2021-04-20T05:54:50.073Z
2020-12-23T00:00:00.000Z,4037,2042,3100,388681,2021-04-20T05:54:50.073Z
2020-12-24T00:00:00.000Z,4052,2885,3269,392733,2021-04-20T05:54:50.073Z
2020-12-25T00:00:00.000Z,4010,2414,3441,396743,2021-04-20T05:54:50.073Z
2020-12-26T00:00:00.000Z,2659,1832,3615,399402,2021-04-20T05:54:50.073Z
2020-12-27T00:00:00.000Z,3528,4233,3726,402930,2021-04-20T05:54:50.073Z
2020-12-28T00:00:00.000Z,5519,2487,3788,408449,2021-04-20T05:54:50.073Z
2020-12-29T00:00:00.000Z,5637,2399,4026,414086,2021-04-20T05:54:50.073Z
2020-12-30T00:00:00.000Z,5868,3744,4206,419954,2021-04-20T05:54:50.073Z
2020-12-31T00:00:00.000Z,5875,4290,4467,425829,2021-04-20T05:54:50.073Z
2021-01-01T00:00:00.000Z,6022,3484,4728,431851,2021-04-20T05:54:50.073Z
2021-01-02T00:00:00.000Z,4218,2062,5015,436069,2021-04-20T05:54:50.073Z
2021-01-03T00:00:00.000Z,5230,5599,5238,441299,2021-04-20T05:54:50.073Z
2021-01-04T00:00:00.000Z,8406,3112,5481,449705,2021-04-20T05:54:50.073Z
2021-01-05T00:00:00.000Z,8237,2977,5893,457942,2021-04-20T05:54:50.073Z
2021-01-06T00:00:00.000Z,7878,4823,6265,465820,2021-04-20T05:54:50.073Z
2021-01-07T00:00:00.000Z,7646,5898,6552,473466,2021-04-20T05:54:50.073Z
2021-01-08T00:00:00.000Z,8160,4878,6805,481626,2021-04-20T05:54:50.073Z
2021-01-09T00:00:00.000Z,5158,3110,7110,486784,2021-04-20T05:54:50.073Z
2021-01-10T00:00:00.000Z,6936,8417,7245,493720,2021-04-20T05:54:50.073Z
2021-01-11T00:00:00.000Z,9713,4885,7488,503433,2021-04-20T05:54:50.073Z
2021-01-12T00:00:00.000Z,9298,4597,7675,512731,2021-04-20T05:54:50.073Z
2021-01-13T00:00:00.000Z,9471,8076,7827,522202,2021-04-20T05:54:50.073Z
2021-01-14T00:00:00.000Z,9295,9279,8054,531497,2021-04-20T05:54:50.073Z
2021-01-15T00:00:00.000Z,8429,8071,8290,539926,2021-04-20T05:54:50.073Z
2021-01-16T00:00:00.000Z,5087,4303,8328,545013,2021-04-20T05:54:50.073Z
2021-01-17T00:00:00.000Z,5648,10993,8318,550661,2021-04-20T05:54:50.073Z
2021-01-18T00:00:00.000Z,10117,6206,8134,560778,2021-04-20T05:54:50.073Z
2021-01-19T00:00:00.000Z,8623,5538,8192,569401,2021-04-20T05:54:50.073Z
2021-01-20T00:00:00.000Z,8364,8850,8095,577765,2021-04-20T05:54:50.073Z
2021-01-21T00:00:00.000Z,7273,10077,7937,585038,2021-04-20T05:54:50.073Z
2021-01-22T00:00:00.000Z,7388,8558,7648,592426,2021-04-20T05:54:50.073Z
2021-01-23T00:00:00.000Z,2449,4216,7500,594875,2021-04-20T05:54:50.073Z
2021-01-24T00:00:00.000Z,4945,10644,7123,599820,2021-04-20T05:54:50.073Z
2021-01-25T00:00:00.000Z,8729,5665,7022,608549,2021-04-20T05:54:50.073Z
2021-01-26T00:00:00.000Z,7800,5128,6824,616349,2021-04-20T05:54:50.073Z
2021-01-27T00:00:00.000Z,7727,8758,6706,624076,2021-04-20T05:54:50.073Z
2021-01-28T00:00:00.000Z,7183,9308,6615,631259,2021-04-20T05:54:50.073Z
2021-01-29T00:00:00.000Z,6760,7620,6603,638019,2021-04-20T05:54:50.073Z
2021-01-30T00:00:00.000Z,2622,3582,6513,640641,2021-04-20T05:54:50.073Z
2021-01-31T00:00:00.000Z,5226,10176,6538,645867,2021-04-20T05:54:50.073Z
2021-02-01T00:00:00.000Z,8926,5181,6578,654793,2021-04-20T05:54:50.073Z
2021-02-02T00:00:00.000Z,8029,4437,6606,662822,2021-04-20T05:54:50.073Z
2021-02-03T00:00:00.000Z,7473,8280,6639,670295,2021-04-20T05:54:50.073Z
2021-02-04T00:00:00.000Z,7252,8207,6602,677547,2021-04-20T05:54:50.073Z
2021-02-05T00:00:00.000Z,6583,7311,6612,684130,2021-04-20T05:54:50.073Z
2021-02-06T00:00:00.000Z,2657,3080,6587,686787,2021-04-20T05:54:50.073Z
2021-02-07T00:00:00.000Z,4596,9806,6592,691383,2021-04-20T05:54:50.073Z
2021-02-08T00:00:00.000Z,7839,5047,6502,699222,2021-04-20T05:54:50.073Z
2021-02-09T00:00:00.000Z,6164,4945,6347,705386,2021-04-20T05:54:50.073Z
2021-02-10T00:00:00.000Z,5676,8326,6080,711062,2021-04-20T05:54:50.073Z
2021-02-11T00:00:00.000Z,5009,8830,5823,716071,2021-04-20T05:54:50.073Z
2021-02-12T00:00:00.000Z,4662,7278,5503,720733,2021-04-20T05:54:50.073Z
2021-02-13T00:00:00.000Z,1888,3435,5229,722621,2021-04-20T05:54:50.073Z
2021-02-14T00:00:00.000Z,3483,9686,5119,726104,2021-04-20T05:54:50.073Z
2021-02-15T00:00:00.000Z,5188,4903,4960,731292,2021-04-20T05:54:50.073Z
2021-02-16T00:00:00.000Z,4568,3768,4581,735860,2021-04-20T05:54:50.073Z
2021-02-17T00:00:00.000Z,4167,6558,4353,740027,2021-04-20T05:54:50.073Z
2021-02-18T00:00:00.000Z,3332,7544,4137,743359,2021-04-20T05:54:50.073Z
2021-02-19T00:00:00.000Z,3792,5933,3898,747151,2021-04-20T05:54:50.073Z
2021-02-20T00:00:00.000Z,1255,3420,3774,748406,2021-04-20T05:54:50.073Z
2021-02-21T00:00:00.000Z,3107,7455,3683,751513,2021-04-20T05:54:50.073Z
2021-02-22T00:00:00.000Z,4809,3693,3629,756322,2021-04-20T05:54:50.073Z
2021-02-23T00:00:00.000Z,4447,3181,3575,760769,2021-04-20T05:54:50.073Z
2021-02-24T00:00:00.000Z,4371,5406,3558,765140,2021-04-20T05:54:50.073Z
2021-02-25T00:00:00.000Z,3813,5040,3587,768953,2021-04-20T05:54:50.073Z
2021-02-26T00:00:00.000Z,3813,3776,3656,772766,2021-04-20T05:54:50.073Z
2021-02-27T00:00:00.000Z,1438,1576,3659,774204,2021-04-20T05:54:50.073Z
2021-02-28T00:00:00.000Z,3070,5689,3685,777274,2021-04-20T05:54:50.073Z
2021-03-01T00:00:00.000Z,4859,2747,3680,782133,2021-04-20T05:54:50.073Z
2021-03-02T00:00:00.000Z,4378,2927,3687,786511,2021-04-20T05:54:50.073Z
2021-03-03T00:00:00.000Z,4669,4619,3677,791180,2021-04-20T05:54:50.073Z
2021-03-04T00:00:00.000Z,3659,4820,3720,794839,2021-04-20T05:54:50.073Z
2021-03-05T00:00:00.000Z,3715,4008,3698,798554,2021-04-20T05:54:50.073Z
2021-03-06T00:00:00.000Z,1878,1925,3684,800432,2021-04-20T05:54:50.073Z
2021-03-07T00:00:00.000Z,2347,5722,3746,802779,2021-04-20T05:54:50.073Z
2021-03-08T00:00:00.000Z,3784,2689,3643,806563,2021-04-20T05:54:50.073Z
2021-03-09T00:00:00.000Z,3120,2934,3490,809683,2021-04-20T05:54:50.073Z
2021-03-10T00:00:00.000Z,2833,4623,3310,812516,2021-04-20T05:54:50.073Z
2021-03-11T00:00:00.000Z,2549,5022,3048,815065,2021-04-20T05:54:50.073Z
2021-03-12T00:00:00.000Z,2414,3925,2889,817479,2021-04-20T05:54:50.073Z
2021-03-13T00:00:00.000Z,783,2046,2703,818262,2021-04-20T05:54:50.073Z
2021-03-14T00:00:00.000Z,1389,5841,2547,819651,2021-04-20T05:54:50.073Z
2021-03-15T00:00:00.000Z,2123,2669,2410,821774,2021-04-20T05:54:50.073Z
2021-03-16T00:00:00.000Z,1563,2250,2173,823337,2021-04-20T05:54:50.073Z
2021-03-17T00:00:00.000Z,1530,3647,1950,824867,2021-04-20T05:54:50.073Z
2021-03-18T00:00:00.000Z,1245,3609,1764,826112,2021-04-20T05:54:50.073Z
2021-03-19T00:00:00.000Z,1084,2558,1578,827196,2021-04-20T05:54:50.073Z
2021-03-20T00:00:00.000Z,349,1465,1388,827545,2021-04-20T05:54:50.073Z
2021-03-21T00:00:00.000Z,674,3501,1326,828219,2021-04-20T05:54:50.073Z
2021-03-22T00:00:00.000Z,980,1696,1224,829199,2021-04-20T05:54:50.073Z
2021-03-23T00:00:00.000Z,688,742,1060,829887,2021-04-20T05:54:50.073Z
2021-03-24T00:00:00.000Z,478,2257,935,830365,2021-04-20T05:54:50.073Z
2021-03-25T00:00:00.000Z,842,2111,785,831207,2021-04-20T05:54:50.073Z
2021-03-26T00:00:00.000Z,520,1497,727,831727,2021-04-20T05:54:50.073Z
2021-03-27T00:00:00.000Z,231,860,647,831958,2021-04-20T05:54:50.073Z
2021-03-28T00:00:00.000Z,129,885,630,832087,2021-04-20T05:54:50.073Z
2021-03-29T00:00:00.000Z,363,1472,552,832450,2021-04-20T05:54:50.073Z
2021-03-30T00:00:00.000Z,443,831,464,832893,2021-04-20T05:54:50.073Z
2021-03-31T00:00:00.000Z,492,1085,429,833385,2021-04-20T05:54:50.073Z
2021-04-01T00:00:00.000Z,334,1073,431,833719,2021-04-20T05:54:50.073Z
2021-04-02T00:00:00.000Z,418,647,358,834137,2021-04-20T05:54:50.073Z
2021-04-03T00:00:00.000Z,124,468,344,834261,2021-04-20T05:54:50.073Z
2021-04-04T00:00:00.000Z,196,1069,329,834457,2021-04-20T05:54:50.073Z
2021-04-05T00:00:00.000Z,380,515,338,834837,2021-04-20T05:54:50.073Z
2021-04-06T00:00:00.000Z,305,503,341,835142,2021-04-20T05:54:50.073Z
2021-04-07T00:00:00.000Z,276,429,321,835418,2021-04-20T05:54:50.073Z
2021-04-08T00:00:00.000Z,212,641,290,835630,2021-04-20T05:54:50.073Z
2021-04-09T00:00:00.000Z,224,588,273,835854,2021-04-20T05:54:50.073Z
2021-04-10T00:00:00.000Z,86,389,245,835940,2021-04-20T05:54:50.073Z
2021-04-11T00:00:00.000Z,139,786,239,836079,2021-04-20T05:54:50.073Z
2021-04-12T00:00:00.000Z,221,365,231,836300,2021-04-20T05:54:50.073Z
2021-04-13T00:00:00.000Z,200,387,209,836500,2021-04-20T05:54:50.073Z
2021-04-14T00:00:00.000Z,197,492,194,836697,2021-04-20T05:54:50.073Z
2021-04-15T00:00:00.000Z,95,264,182,836792,2021-04-20T05:54:50.073Z
2021-04-16T00:00:00.000Z,107,367,166,836899,2021-04-20T05:54:50.073Z
2021-04-17T00:00:00.000Z,83,218,149,836982,2021-04-20T05:54:50.073Z
2021-04-18T00:00:00.000Z,143,557,148,837125,2021-04-20T05:54:50.073Z
2021-04-19T00:00:00.000Z,129,201,149,837254,2021-04-20T05:54:50.073Z
2021-04-20T00:00:00.000Z,55,59,136,837309,2021-04-20T05:54:50.073Z
